4294967278,17
4294967278,16
4294967278,15
4294967278,25
4294967278,24
4294967278,23
4294967278,22
4294967278,21
4294967278,20
4294967278,19
4294967278,18
4294967278,231
4294967278,228
4294967278,226
4294967278,44
4294967278,43
4294967278,42
4294967278,41
4294967278,40
4294967278,39
4294967278,38
4294967278,37
4294967278,36
4294967278,35
4294967278,34
4294967278,33
4294967278,32
4294967278,31
4294967278,30
4294967278,29
4294967278,28
4294967278,27
4294967278,26
4294967279,47
4294967279,46
4294967279,45
4294967279,43
4294967279,42
4294967279,40
4294967279,39
4294967279,37
4294967279,36
4294967279,33
4294967279,32
4294967279,30
4294967279,28
4294967279,27
4294967279,25
4294967279,24
4294967279,22
4294967279,20
4294967279,17
4294967279,16
4294967279,13
4294967279,12
4294967278,225
4294967294,61
4294967278,222
4294967278,220
4294967278,218
25,9
25,0
4294967278,216
4294967278,214
4294967279,396
4294967278,213
4294967278,212
4294967278,211
25,8
25,7
4294967278,210
4294967278,209
4294967278,208
4294967278,207
4294967278,206
4294967278,205
4294967278,204
4294967278,203
4294967278,202
4294967279,395
4294967278,340
4294967278,200
4294967279,394
4294967279,260
4294967279,0
4294967278,198
4294967294,469
4294967278,197
4294967278,196
4294967278,195
4294967294,423
4294967278,194
4294967294,30
4294967294,164
4294967294,163
4294967294,36
4294967294,39
4294967294,115
4294967294,386
4294967294,165
4294967294,113
4294967294,167
4294967294,176
4294967278,193
4294967294,1417
4294967294,50
4294967294,175
4294967294,180
4294967294,183
4294967294,179
4294967294,12
4294967294,1016
4294967294,160
4294967294,168
4294967294,162
4294967278,192
4294967294,92
4294967294,88
4294967294,104
4294967294,106
4294967294,166
4294967294,24
4294967294,189
4294967294,191
4294967294,188
4294967294,1414
4294967294,42
4294967294,99
4294967294,76
4294967294,416
4294967294,51
4294967294,451
4294967294,443
4294967294,419
4294967294,201
4294967294,82
4294967294,1415
4294967294,83
4294967294,11
4294967294,81
4294967294,68
4294967278,132
4294967278,131
4294967278,130
4294967278,129
4294967278,128
4294967278,127
4294967278,126
4294967278,125
4294967278,124
4294967278,123
4294967278,122
4294967278,121
4294967278,120
4294967278,119
4294967278,118
4294967278,117
4294967278,116
4294967278,115
4294967278,114
4294967278,113
4294967278,112
4294967278,111
4294967278,110
4294967278,109
4294967278,108
4294967278,107
4294967278,106
4294967278,105
4294967278,104
4294967278,103
4294967278,102
4294967278,101
4294967278,100
4294967278,99
4294967278,98
4294967278,97
4294967278,96
4294967278,95
4294967278,94
4294967278,93
4294967278,92
4294967278,91
4294967278,90
4294967278,89
4294967278,87
4294967278,86
4294967278,85
4294967278,84
4294967278,83
4294967278,82
4294967278,81
4294967278,80
4294967278,79
4294967278,77
4294967278,76
4294967278,70
4294967278,68
4294967278,67
4294967278,66
4294967278,65
4294967278,63
4294967278,62
4294967278,61
4294967278,60
4294967278,59
4294967278,58
4294967278,56
4294967278,52
4294967278,51
4294967278,50
4294967278,49
4294967278,47
4294967279,44
4294967279,41
4294967279,38
4294967279,35
4294967279,34
4294967279,31
4294967279,315
4294967279,29
4294967279,26
4294967279,23
4294967279,21
4294967279,19
4294967279,18
4294967279,15
4294967279,293
4294967279,14
4294967279,273
4294967279,11
4294967279,10
4294967279,291
4294967279,9
4294967279,311
4294967279,8
4294967279,7
4294967279,6
4294967279,5
4294967279,4
4294967294,22
4294967278,339
4294967278,260
4294967278,0
4294967278,78
4294967279,393
4294967278,190
4294967294,436
4294967278,187
4294967279,392
4294967278,338
4294967278,75
4294967278,337
4294967278,74
25,6
4294967278,336
4294967278,73
4294967294,5
4294967278,64
4294967279,391
4294967278,335
4294967278,72
4294967279,390
4294967278,71
4294967278,317
4294967278,183
4294967294,38
4294967294,1420
4294967294,1419
4294967278,182
4294967278,334
4294967278,69
4294967294,6
4294967278,181
4294967278,180
4294967278,177
4294967278,179
25,5
25,4
4294967278,178
25,3
25,2
25,1
4294967278,313
4294967278,176
4294967278,175
4294967279,389
4294967278,173
4294967278,172
4294967278,57
4294967278,171
